{
 "cells": [
  {
   "cell_type": "code",
   "execution_count": 215,
   "metadata": {},
   "outputs": [],
   "source": [
    "import pandas as pd\n",
    "import numpy as np\n",
    "from scipy.spatial.distance import cdist\n",
    "import pickle\n",
    "from time import ctime\n",
    "import matplotlib.pyplot as plt\n",
    "import math\n",
    "import warnings\n",
    "#import pyomo.environ as pyo\n",
    "#from pyomo.opt import SolverFactory\n",
    "#from pyomo.core.base import Constraint as pyo_constraint\n",
    "#from pyomo.core.base import Var as pyo_vars"
   ]
  },
  {
   "cell_type": "markdown",
   "metadata": {},
   "source": [
    "### Data processing functions"
   ]
  },
  {
   "cell_type": "code",
   "execution_count": 14,
   "metadata": {},
   "outputs": [],
   "source": [
    "def load_input_data(input_data, input_file_location=None):\n",
    "    \"\"\"\n",
    "    Return input data as numpy arrays in a dictionary.\n",
    "    \"\"\"\n",
    "\n",
    "    # parse the input\n",
    "    lines = input_data.split('\\n')\n",
    "\n",
    "    firstLine = lines[0].split()\n",
    "    num_dropoffs = int(firstLine[0]) - 1\n",
    "    num_vehicles = int(firstLine[1])\n",
    "    vehicle_capacity = int(firstLine[2])\n",
    "    \n",
    "    data_dict = {}\n",
    "    data_dict['num_dropoffs'] = num_dropoffs\n",
    "    data_dict['num_vehicles'] = num_vehicles\n",
    "    data_dict['vehicle_capacity'] = vehicle_capacity\n",
    "    data_dict['warehouse_location'] = np.array([float(lines[1].split()[1]), float(lines[1].split()[2])])\n",
    "    \n",
    "    dropoffs_location_array = np.zeros((num_dropoffs, 2))\n",
    "    dropoffs_demand_array = np.zeros(num_dropoffs)\n",
    "    \n",
    "    for i in range(num_dropoffs):\n",
    "        line = lines[i + 2]\n",
    "        parts = line.split()\n",
    "        dropoffs_demand_array[i] = parts[0]\n",
    "        dropoffs_location_array[i, :] = np.array([parts[1], parts[2]])\n",
    "        \n",
    "    data_dict['dropoffs_location_array'] = dropoffs_location_array\n",
    "    data_dict['dropoffs_demand_array'] = dropoffs_demand_array\n",
    "    \n",
    "    return data_dict"
   ]
  },
  {
   "cell_type": "code",
   "execution_count": 219,
   "metadata": {},
   "outputs": [],
   "source": [
    "input_file = open('data/vrp_200_16_1','r').read()\n",
    "#input_file = open('data/vrp_16_3_1','r').read()"
   ]
  },
  {
   "cell_type": "code",
   "execution_count": 220,
   "metadata": {
    "scrolled": true
   },
   "outputs": [
    {
     "data": {
      "text/plain": [
       "{'num_dropoffs': 199,\n",
       " 'num_vehicles': 16,\n",
       " 'vehicle_capacity': 200,\n",
       " 'warehouse_location': array([35., 35.]),\n",
       " 'dropoffs_location_array': array([[41., 49.],\n",
       "        [35., 17.],\n",
       "        [55., 45.],\n",
       "        [55., 20.],\n",
       "        [15., 30.],\n",
       "        [25., 30.],\n",
       "        [20., 50.],\n",
       "        [10., 43.],\n",
       "        [55., 60.],\n",
       "        [30., 60.],\n",
       "        [20., 65.],\n",
       "        [50., 35.],\n",
       "        [30., 25.],\n",
       "        [15., 10.],\n",
       "        [30.,  5.],\n",
       "        [10., 20.],\n",
       "        [ 5., 30.],\n",
       "        [20., 40.],\n",
       "        [15., 60.],\n",
       "        [45., 65.],\n",
       "        [45., 20.],\n",
       "        [45., 10.],\n",
       "        [55.,  5.],\n",
       "        [65., 35.],\n",
       "        [65., 20.],\n",
       "        [45., 30.],\n",
       "        [35., 40.],\n",
       "        [41., 37.],\n",
       "        [64., 42.],\n",
       "        [40., 60.],\n",
       "        [31., 52.],\n",
       "        [35., 69.],\n",
       "        [53., 52.],\n",
       "        [65., 55.],\n",
       "        [63., 65.],\n",
       "        [ 2., 60.],\n",
       "        [20., 20.],\n",
       "        [ 5.,  5.],\n",
       "        [60., 12.],\n",
       "        [40., 25.],\n",
       "        [42.,  7.],\n",
       "        [24., 12.],\n",
       "        [23.,  3.],\n",
       "        [11., 14.],\n",
       "        [ 6., 38.],\n",
       "        [ 2., 48.],\n",
       "        [ 8., 56.],\n",
       "        [13., 52.],\n",
       "        [ 6., 68.],\n",
       "        [47., 47.],\n",
       "        [49., 58.],\n",
       "        [27., 43.],\n",
       "        [37., 31.],\n",
       "        [57., 29.],\n",
       "        [63., 23.],\n",
       "        [53., 12.],\n",
       "        [32., 12.],\n",
       "        [36., 26.],\n",
       "        [21., 24.],\n",
       "        [17., 34.],\n",
       "        [12., 24.],\n",
       "        [24., 58.],\n",
       "        [27., 69.],\n",
       "        [15., 77.],\n",
       "        [62., 77.],\n",
       "        [49., 73.],\n",
       "        [67.,  5.],\n",
       "        [56., 39.],\n",
       "        [37., 47.],\n",
       "        [37., 56.],\n",
       "        [57., 68.],\n",
       "        [47., 16.],\n",
       "        [44., 17.],\n",
       "        [46., 13.],\n",
       "        [49., 11.],\n",
       "        [49., 42.],\n",
       "        [53., 43.],\n",
       "        [61., 52.],\n",
       "        [57., 48.],\n",
       "        [56., 37.],\n",
       "        [55., 54.],\n",
       "        [15., 47.],\n",
       "        [14., 37.],\n",
       "        [11., 31.],\n",
       "        [16., 22.],\n",
       "        [ 4., 18.],\n",
       "        [28., 18.],\n",
       "        [26., 52.],\n",
       "        [26., 35.],\n",
       "        [31., 67.],\n",
       "        [15., 19.],\n",
       "        [22., 22.],\n",
       "        [18., 24.],\n",
       "        [26., 27.],\n",
       "        [25., 24.],\n",
       "        [22., 27.],\n",
       "        [25., 21.],\n",
       "        [19., 21.],\n",
       "        [20., 26.],\n",
       "        [18., 18.],\n",
       "        [37., 52.],\n",
       "        [49., 49.],\n",
       "        [52., 64.],\n",
       "        [20., 26.],\n",
       "        [40., 30.],\n",
       "        [21., 47.],\n",
       "        [17., 63.],\n",
       "        [31., 62.],\n",
       "        [52., 33.],\n",
       "        [51., 21.],\n",
       "        [42., 41.],\n",
       "        [31., 32.],\n",
       "        [ 5., 25.],\n",
       "        [12., 42.],\n",
       "        [36., 16.],\n",
       "        [52., 41.],\n",
       "        [27., 23.],\n",
       "        [17., 33.],\n",
       "        [13., 13.],\n",
       "        [57., 58.],\n",
       "        [62., 42.],\n",
       "        [42., 57.],\n",
       "        [16., 57.],\n",
       "        [ 8., 52.],\n",
       "        [ 7., 38.],\n",
       "        [27., 68.],\n",
       "        [30., 48.],\n",
       "        [43., 67.],\n",
       "        [58., 48.],\n",
       "        [58., 27.],\n",
       "        [37., 69.],\n",
       "        [38., 46.],\n",
       "        [46., 10.],\n",
       "        [61., 33.],\n",
       "        [62., 63.],\n",
       "        [63., 69.],\n",
       "        [32., 22.],\n",
       "        [45., 35.],\n",
       "        [59., 15.],\n",
       "        [ 5.,  6.],\n",
       "        [10., 17.],\n",
       "        [21., 10.],\n",
       "        [ 5., 64.],\n",
       "        [30., 15.],\n",
       "        [39., 10.],\n",
       "        [32., 39.],\n",
       "        [25., 32.],\n",
       "        [25., 55.],\n",
       "        [48., 28.],\n",
       "        [56., 37.],\n",
       "        [22., 22.],\n",
       "        [36., 26.],\n",
       "        [21., 45.],\n",
       "        [45., 35.],\n",
       "        [55., 20.],\n",
       "        [33., 34.],\n",
       "        [50., 50.],\n",
       "        [55., 45.],\n",
       "        [26., 59.],\n",
       "        [40., 66.],\n",
       "        [55., 65.],\n",
       "        [35., 51.],\n",
       "        [62., 35.],\n",
       "        [62., 57.],\n",
       "        [62., 24.],\n",
       "        [21., 36.],\n",
       "        [33., 44.],\n",
       "        [ 9., 56.],\n",
       "        [62., 48.],\n",
       "        [66., 14.],\n",
       "        [44., 13.],\n",
       "        [26., 13.],\n",
       "        [11., 28.],\n",
       "        [ 7., 43.],\n",
       "        [17., 64.],\n",
       "        [41., 46.],\n",
       "        [55., 34.],\n",
       "        [35., 16.],\n",
       "        [52., 26.],\n",
       "        [43., 26.],\n",
       "        [31., 76.],\n",
       "        [22., 53.],\n",
       "        [26., 29.],\n",
       "        [50., 40.],\n",
       "        [55., 50.],\n",
       "        [54., 10.],\n",
       "        [60., 15.],\n",
       "        [47., 66.],\n",
       "        [30., 60.],\n",
       "        [30., 50.],\n",
       "        [12., 17.],\n",
       "        [15., 14.],\n",
       "        [16., 19.],\n",
       "        [21., 48.],\n",
       "        [50., 30.],\n",
       "        [51., 42.],\n",
       "        [50., 15.],\n",
       "        [48., 21.],\n",
       "        [12., 38.]]),\n",
       " 'dropoffs_demand_array': array([10.,  7., 13., 19., 26.,  3.,  5.,  9., 16., 16., 12., 19., 23.,\n",
       "        20.,  8., 19.,  2., 12., 17.,  9., 11., 18., 29.,  3.,  6., 17.,\n",
       "        16., 16.,  9., 21., 27., 23., 11., 14.,  8.,  5.,  8., 16., 31.,\n",
       "         9.,  5.,  5.,  7., 18., 16.,  1., 27., 36., 30., 13., 10.,  9.,\n",
       "        14., 18.,  2.,  6.,  7., 18., 28.,  3., 13., 19., 10.,  9., 20.,\n",
       "        25., 25., 36.,  6.,  5., 15., 25.,  9.,  8., 18., 13., 14.,  3.,\n",
       "        23.,  6., 26., 16., 11.,  7., 41., 35., 26.,  9., 15.,  3.,  1.,\n",
       "         2., 22., 27., 20., 11., 12., 10.,  9., 17.,  7., 30., 16.,  9.,\n",
       "        21., 15., 19., 23., 11.,  5., 19., 29., 23., 21., 10., 15.,  3.,\n",
       "        41.,  9., 28.,  8.,  8., 16., 10., 28.,  7., 15., 14.,  6., 19.,\n",
       "        11., 12., 23., 26., 17.,  6.,  9., 15., 14.,  7., 27., 13., 11.,\n",
       "        16., 10.,  5., 25., 17., 18., 10., 18., 26., 11., 30., 21., 19.,\n",
       "        15., 16., 29., 26., 37., 16., 12., 31.,  8., 19., 20., 13., 15.,\n",
       "        22., 28., 12.,  6., 27., 14., 18., 17., 29., 13., 22., 25., 28.,\n",
       "        27., 19., 10., 12., 14., 24., 16., 33., 15., 11., 18., 17., 21.,\n",
       "        27., 19., 20.,  5.])}"
      ]
     },
     "execution_count": 220,
     "metadata": {},
     "output_type": "execute_result"
    }
   ],
   "source": [
    "data_dict = load_input_data(input_file)\n",
    "data_dict"
   ]
  },
  {
   "cell_type": "code",
   "execution_count": 17,
   "metadata": {},
   "outputs": [],
   "source": [
    "def create_node_dist_matrix(data_dict):\n",
    "    \n",
    "    \"\"\"\n",
    "    Distance matrix between the warehouse and dropoffs.\n",
    "    \"\"\"\n",
    "    \n",
    "    node_array = np.concatenate((np.array([data_dict['warehouse_location']]), data_dict['dropoffs_location_array']))\n",
    "    \n",
    "    return cdist(node_array, node_array)"
   ]
  },
  {
   "cell_type": "code",
   "execution_count": 97,
   "metadata": {
    "scrolled": true
   },
   "outputs": [
    {
     "data": {
      "text/plain": [
       "array([[ 0.        , 13.89244399, 21.02379604, 32.55764119, 17.20465053,\n",
       "        14.14213562, 11.40175425, 26.41968963, 22.02271555, 23.08679276,\n",
       "        28.31960452, 12.04159458,  8.06225775, 29.15475947, 18.11077028,\n",
       "        24.73863375],\n",
       "       [13.89244399,  0.        , 12.36931688, 19.20937271, 31.06444913,\n",
       "        22.20360331, 16.76305461, 22.82542442, 11.66190379, 24.20743687,\n",
       "        34.0147027 , 12.08304597, 20.88061302, 41.86884283, 26.92582404,\n",
       "        36.01388621],\n",
       "       [21.02379604, 12.36931688,  0.        , 15.29705854, 37.01351105,\n",
       "        21.02379604, 28.0713377 , 34.92849839, 22.20360331, 16.2788206 ,\n",
       "        28.0713377 , 10.63014581, 24.75883681, 50.11985634, 37.65634077,\n",
       "        35.4682957 ],\n",
       "       [32.55764119, 19.20937271, 15.29705854,  0.        , 49.67896939,\n",
       "        36.05551275, 35.35533906, 35.0142828 , 21.09502311, 31.        ,\n",
       "        43.01162634, 25.07987241, 38.27531842, 61.07372594, 45.65084884,\n",
       "        50.59644256],\n",
       "       [17.20465053, 31.06444913, 37.01351105, 49.67896939,  0.        ,\n",
       "        20.39607805, 21.02379604, 37.12142239, 37.64306045, 32.75667871,\n",
       "        31.40063694, 26.62705391, 12.52996409, 15.03329638, 17.88854382,\n",
       "        18.86796226],\n",
       "       [14.14213562, 22.20360331, 21.02379604, 36.05551275, 20.39607805,\n",
       "         0.        , 25.49509757, 40.22437072, 33.24154028, 12.36931688,\n",
       "        14.2126704 , 11.18033989,  9.21954446, 35.35533906, 30.46309242,\n",
       "        14.56021978],\n",
       "       [11.40175425, 16.76305461, 28.0713377 , 35.35533906, 21.02379604,\n",
       "        25.49509757,  0.        , 16.4924225 , 18.02775638, 34.0147027 ,\n",
       "        39.69886648, 21.84032967, 18.02775638, 27.20294102, 10.29563014,\n",
       "        34.43835072],\n",
       "       [26.41968963, 22.82542442, 34.92849839, 35.0142828 , 37.12142239,\n",
       "        40.22437072, 16.4924225 ,  0.        , 14.03566885, 46.09772229,\n",
       "        54.03702434, 33.30165161, 34.0147027 , 39.84971769, 21.58703314,\n",
       "        50.69516742],\n",
       "       [22.02271555, 11.66190379, 22.20360331, 21.09502311, 37.64306045,\n",
       "        33.24154028, 18.02775638, 14.03566885,  0.        , 35.80502758,\n",
       "        45.61797891, 23.70653918, 30.        , 45.22167622, 27.58622845,\n",
       "        46.27094121],\n",
       "       [23.08679276, 24.20743687, 16.2788206 , 31.        , 32.75667871,\n",
       "        12.36931688, 34.0147027 , 46.09772229, 35.80502758,  0.        ,\n",
       "        12.04159458, 12.80624847, 21.02379604, 47.67598976, 41.        ,\n",
       "        23.34523506],\n",
       "       [28.31960452, 34.0147027 , 28.0713377 , 43.01162634, 31.40063694,\n",
       "        14.2126704 , 39.69886648, 54.03702434, 45.61797891, 12.04159458,\n",
       "         0.        , 21.9317122 , 22.82542442, 46.17358552, 44.29446918,\n",
       "        15.8113883 ],\n",
       "       [12.04159458, 12.08304597, 10.63014581, 25.07987241, 26.62705391,\n",
       "        11.18033989, 21.84032967, 33.30165161, 23.70653918, 12.80624847,\n",
       "        21.9317122 ,  0.        , 14.2126704 , 40.31128874, 30.01666204,\n",
       "        25.70992026],\n",
       "       [ 8.06225775, 20.88061302, 24.75883681, 38.27531842, 12.52996409,\n",
       "         9.21954446, 18.02775638, 34.0147027 , 30.        , 21.02379604,\n",
       "        22.82542442, 14.2126704 ,  0.        , 26.92582404, 21.47091055,\n",
       "        16.76305461],\n",
       "       [29.15475947, 41.86884283, 50.11985634, 61.07372594, 15.03329638,\n",
       "        35.35533906, 27.20294102, 39.84971769, 45.22167622, 47.67598976,\n",
       "        46.17358552, 40.31128874, 26.92582404,  0.        , 18.38477631,\n",
       "        32.28002478],\n",
       "       [18.11077028, 26.92582404, 37.65634077, 45.65084884, 17.88854382,\n",
       "        30.46309242, 10.29563014, 21.58703314, 27.58622845, 41.        ,\n",
       "        44.29446918, 30.01666204, 21.47091055, 18.38477631,  0.        ,\n",
       "        35.38361203],\n",
       "       [24.73863375, 36.01388621, 35.4682957 , 50.59644256, 18.86796226,\n",
       "        14.56021978, 34.43835072, 50.69516742, 46.27094121, 23.34523506,\n",
       "        15.8113883 , 25.70992026, 16.76305461, 32.28002478, 35.38361203,\n",
       "         0.        ]])"
      ]
     },
     "execution_count": 97,
     "metadata": {},
     "output_type": "execute_result"
    }
   ],
   "source": [
    "node_dist_matrix = create_node_dist_matrix(data_dict)\n",
    "node_dist_matrix"
   ]
  },
  {
   "cell_type": "markdown",
   "metadata": {},
   "source": [
    "### Write a greedy algorithm to solve"
   ]
  },
  {
   "cell_type": "code",
   "execution_count": 129,
   "metadata": {},
   "outputs": [],
   "source": [
    "def greedy_algorithm(data_dict, node_dist_matrix=None):\n",
    "    \n",
    "    if node_dist_matrix is None:\n",
    "        node_dist_matrix = create_node_dist_matrix(data_dict)\n",
    "        \n",
    "    num_dropoffs = data_dict['num_dropoffs']\n",
    "    num_vehicles = data_dict['num_vehicles']\n",
    "    vehicle_capacity = data_dict['vehicle_capacity']\n",
    "    dropoffs_demand_array = data_dict['dropoffs_demand_array']\n",
    "    \n",
    "    vehicle_dropoffs_dict = {}\n",
    "    vehicle_remaining_capacity_dict = {i: vehicle_capacity for i in range(num_vehicles)}\n",
    "    dropoffs_not_serviced = [i+1 for i in range(num_dropoffs)]\n",
    "    \n",
    "    route_cost = 0\n",
    "    \n",
    "    for vehicle in range(num_vehicles):\n",
    "        print('vehicle:' + str(vehicle))\n",
    "        vehicle_dropoffs_dict[vehicle] = [0]\n",
    "        vehicle_capacity = vehicle_remaining_capacity_dict[vehicle]\n",
    "        continue_while = True\n",
    "        current_dropoff = 0\n",
    "        if len(dropoffs_not_serviced) > 0:\n",
    "            while vehicle_capacity > 0 and continue_while:\n",
    "                if len(dropoffs_not_serviced) == 0:\n",
    "                    continue_while = False\n",
    "                    vehicle_dropoffs_dict[vehicle].append(0)\n",
    "                    route_cost += node_dist_matrix[current_dropoff, 0]\n",
    "                    break\n",
    "                closest_indexes = np.argsort(node_dist_matrix[current_dropoff, :])\n",
    "                print(closest_indexes)\n",
    "                print(dropoffs_not_serviced)\n",
    "                print([i for i in closest_indexes if i in dropoffs_not_serviced \n",
    "                                    and i not in [0, current_dropoff]])\n",
    "                print(' ')\n",
    "                next_dropoff = [i for i in closest_indexes if i in dropoffs_not_serviced \n",
    "                                    and i not in [0, current_dropoff]][0]\n",
    "                next_dropoff_demand = dropoffs_demand_array[next_dropoff-1]\n",
    "                if vehicle_capacity - next_dropoff_demand < 0:\n",
    "                    continue_while = False\n",
    "                    vehicle_dropoffs_dict[vehicle].append(0)\n",
    "                    route_cost += node_dist_matrix[current_dropoff, 0]\n",
    "                    continue\n",
    "                else:\n",
    "                    vehicle_dropoffs_dict[vehicle].append(next_dropoff)\n",
    "                    vehicle_capacity -= next_dropoff_demand\n",
    "                    route_cost += node_dist_matrix[current_dropoff, next_dropoff]\n",
    "                    dropoffs_not_serviced.remove(next_dropoff)\n",
    "                    #vehicle_remaining_capacity_dict[vehicle] -= next_dropoff_demand\n",
    "                    current_dropoff = next_dropoff\n",
    "        else:\n",
    "            vehicle_dropoffs_dict[vehicle].append(0)\n",
    "        vehicle_remaining_capacity_dict[vehicle] = vehicle_capacity\n",
    "        \n",
    "        print(vehicle_dropoffs_dict)\n",
    "        \n",
    "    print(vehicle_remaining_capacity_dict)\n",
    "                \n",
    "    solution_dict = {\n",
    "        'vehicle_dropoffs_dict': vehicle_dropoffs_dict,\n",
    "        'route_cost': route_cost\n",
    "    }\n",
    "                \n",
    "    return solution_dict"
   ]
  },
  {
   "cell_type": "code",
   "execution_count": 131,
   "metadata": {
    "scrolled": true
   },
   "outputs": [
    {
     "name": "stdout",
     "output_type": "stream",
     "text": [
      "vehicle:0\n",
      "[ 0 12  6 11  1  5  4 14  2  8  9 15  7 10 13  3]\n",
      "[1, 2, 3, 4, 5, 6, 7, 8, 9, 10, 11, 12, 13, 14, 15]\n",
      "[12, 6, 11, 1, 5, 4, 14, 2, 8, 9, 15, 7, 10, 13, 3]\n",
      " \n",
      "[12  0  5  4 11 15  6  1  9 14 10  2 13  8  7  3]\n",
      "[1, 2, 3, 4, 5, 6, 7, 8, 9, 10, 11, 13, 14, 15]\n",
      "[5, 4, 11, 15, 6, 1, 9, 14, 10, 2, 13, 8, 7, 3]\n",
      " \n",
      "[ 5 12 11  9  0 10 15  4  2  1  6 14  8 13  3  7]\n",
      "[1, 2, 3, 4, 6, 7, 8, 9, 10, 11, 13, 14, 15]\n",
      "[11, 9, 10, 15, 4, 2, 1, 6, 14, 8, 13, 3, 7]\n",
      " \n",
      "[11  2  5  0  1  9 12  6 10  8  3 15  4 14  7 13]\n",
      "[1, 2, 3, 4, 6, 7, 8, 9, 10, 13, 14, 15]\n",
      "[2, 1, 9, 6, 10, 8, 3, 15, 4, 14, 7, 13]\n",
      " \n",
      "{0: [0, 12, 5, 11, 0]}\n",
      "vehicle:1\n",
      "[ 0 12  6 11  1  5  4 14  2  8  9 15  7 10 13  3]\n",
      "[1, 2, 3, 4, 6, 7, 8, 9, 10, 13, 14, 15]\n",
      "[6, 1, 4, 14, 2, 8, 9, 15, 7, 10, 13, 3]\n",
      " \n",
      "[ 6 14  0  7  1  8 12  4 11  5 13  2  9 15  3 10]\n",
      "[1, 2, 3, 4, 7, 8, 9, 10, 13, 14, 15]\n",
      "[14, 7, 1, 8, 4, 13, 2, 9, 15, 3, 10]\n",
      " \n",
      "[14  6  4  0 13 12  7  1  8 11  5 15  2  9 10  3]\n",
      "[1, 2, 3, 4, 7, 8, 9, 10, 13, 15]\n",
      "[4, 13, 7, 1, 8, 15, 2, 9, 10, 3]\n",
      " \n",
      "[ 4 12 13  0 14 15  5  6 11  1 10  9  2  7  8  3]\n",
      "[1, 2, 3, 7, 8, 9, 10, 13, 15]\n",
      "[13, 15, 1, 10, 9, 2, 7, 8, 3]\n",
      " \n",
      "[13  4 14 12  6  0 15  5  7 11  1  8 10  9  2  3]\n",
      "[1, 2, 3, 7, 8, 9, 10, 15]\n",
      "[15, 7, 1, 8, 10, 9, 2, 3]\n",
      " \n",
      "[15  5 10 12  4  9  0 11 13  6 14  2  1  8  3  7]\n",
      "[1, 2, 3, 7, 8, 9, 10]\n",
      "[10, 9, 2, 1, 8, 3, 7]\n",
      " \n",
      "[10  9  5 15 11 12  2  0  4  1  6  3 14  8 13  7]\n",
      "[1, 2, 3, 7, 8, 9]\n",
      "[9, 2, 1, 3, 8, 7]\n",
      " \n",
      "{0: [0, 12, 5, 11, 0], 1: [0, 6, 14, 4, 13, 15, 10, 0]}\n",
      "vehicle:2\n",
      "[ 0 12  6 11  1  5  4 14  2  8  9 15  7 10 13  3]\n",
      "[1, 2, 3, 7, 8, 9]\n",
      "[1, 2, 8, 9, 7, 3]\n",
      " \n",
      "[ 1  8 11  2  0  6  3 12  5  7  9 14  4 10 15 13]\n",
      "[2, 3, 7, 8, 9]\n",
      "[8, 2, 3, 7, 9]\n",
      " \n",
      "[ 8  1  7  6  3  0  2 11 14 12  5  9  4 13 10 15]\n",
      "[2, 3, 7, 9]\n",
      "[7, 3, 2, 9]\n",
      " \n",
      "[ 7  8  6 14  1  0 11 12  2  3  4 13  5  9 15 10]\n",
      "[2, 3, 9]\n",
      "[2, 3, 9]\n",
      " \n",
      "[ 2 11  1  3  9  0  5  8 12  6 10  7 15  4 14 13]\n",
      "[3, 9]\n",
      "[3, 9]\n",
      " \n",
      "{0: [0, 12, 5, 11, 0], 1: [0, 6, 14, 4, 13, 15, 10, 0], 2: [0, 1, 8, 7, 2, 0]}\n",
      "vehicle:3\n",
      "[ 0 12  6 11  1  5  4 14  2  8  9 15  7 10 13  3]\n",
      "[3, 9]\n",
      "[9, 3]\n",
      " \n",
      "[ 9 10  5 11  2 12  0 15  1  3  4  6  8 14  7 13]\n",
      "[3]\n",
      "[3]\n",
      " \n",
      "{0: [0, 12, 5, 11, 0], 1: [0, 6, 14, 4, 13, 15, 10, 0], 2: [0, 1, 8, 7, 2, 0], 3: [0, 9, 3, 0]}\n",
      "{0: 21.0, 1: 7.0, 2: 11.0, 3: 63.0}\n"
     ]
    },
    {
     "data": {
      "text/plain": [
       "{'vehicle_dropoffs_dict': {0: [0, 12, 5, 11, 0],\n",
       "  1: [0, 6, 14, 4, 13, 15, 10, 0],\n",
       "  2: [0, 1, 8, 7, 2, 0],\n",
       "  3: [0, 9, 3, 0]},\n",
       " 'route_cost': 353.72072387818775}"
      ]
     },
     "execution_count": 131,
     "metadata": {},
     "output_type": "execute_result"
    }
   ],
   "source": [
    "greedy_results_dict = greedy_algorithm(data_dict)\n",
    "greedy_results_dict"
   ]
  },
  {
   "cell_type": "markdown",
   "metadata": {},
   "source": [
    "Unfortunately my idea of always taking the closest point can give infeasible solutions."
   ]
  },
  {
   "cell_type": "markdown",
   "metadata": {},
   "source": [
    "### Implement the Sweep algorithm"
   ]
  },
  {
   "cell_type": "markdown",
   "metadata": {},
   "source": [
    "This algorithm involves clustering the dropoffs based on their angle from the depot, then solving a TSP for each cluster."
   ]
  },
  {
   "cell_type": "code",
   "execution_count": 136,
   "metadata": {},
   "outputs": [],
   "source": [
    "def get_dropoff_angle(x, y, depot_x, depot_y):\n",
    "    \n",
    "    angle = math.degrees(math.atan2(y - depot_y, x - depot_x))\n",
    "    bearing = (90 - angle) % 360\n",
    "    return bearing"
   ]
  },
  {
   "cell_type": "code",
   "execution_count": 144,
   "metadata": {},
   "outputs": [
    {
     "data": {
      "text/plain": [
       "2.6025622024998114"
      ]
     },
     "execution_count": 144,
     "metadata": {},
     "output_type": "execute_result"
    }
   ],
   "source": [
    "dropoff_index = 7\n",
    "x = data_dict['dropoffs_location_array'][dropoff_index, 0]# - 2\n",
    "y = data_dict['dropoffs_location_array'][dropoff_index, 1]\n",
    "depot_x = data_dict['warehouse_location'][0]\n",
    "depot_y = data_dict['warehouse_location'][1]\n",
    "\n",
    "get_dropoff_angle(x, y, depot_x, depot_y)"
   ]
  },
  {
   "cell_type": "code",
   "execution_count": 192,
   "metadata": {},
   "outputs": [],
   "source": [
    "def get_dropoff_angle_ordering(data_dict, start_at_highest_demand = True):\n",
    "    \n",
    "    \"\"\"\n",
    "    Get ordering of the points while sweeping round in a circle from the origin.\n",
    "    If start_at_highest_demand is True then start from the point with the highest\n",
    "    demand as this is most likely to leave a large unused capacity.\n",
    "    \"\"\"\n",
    "    \n",
    "    num_dropoffs = data_dict['num_dropoffs']\n",
    "    dropoffs_location_array = data_dict['dropoffs_location_array']\n",
    "    dropoffs_demand_array = data_dict['dropoffs_demand_array']\n",
    "    \n",
    "    depot_x = data_dict['warehouse_location'][0]\n",
    "    depot_y = data_dict['warehouse_location'][1]\n",
    "    \n",
    "    dropoff_angles = []\n",
    "    \n",
    "    for dropoff_index in range(num_dropoffs):\n",
    "        angle = get_dropoff_angle(dropoffs_location_array[dropoff_index, 0], \n",
    "                                  dropoffs_location_array[dropoff_index, 1], \n",
    "                                  depot_x, depot_y)\n",
    "        dropoff_angles.append(angle)\n",
    "        \n",
    "    dropoff_angle_ordering = np.argsort(dropoff_angles)\n",
    "    \n",
    "    if start_at_highest_demand:\n",
    "        highest_demand_dropoff = np.argmax(dropoffs_demand_array)\n",
    "        highest_demand_index = np.where(dropoff_angle_ordering==highest_demand_dropoff)[0][0]\n",
    "        dropoff_angle_ordering = np.concatenate((dropoff_angle_ordering[highest_demand_index:], \n",
    "                                                 dropoff_angle_ordering[:highest_demand_index]))\n",
    "    \n",
    "    return dropoff_angle_ordering"
   ]
  },
  {
   "cell_type": "code",
   "execution_count": 193,
   "metadata": {},
   "outputs": [
    {
     "data": {
      "text/plain": [
       "array([ 1, 10,  8,  9,  4, 14, 11,  3, 12, 13,  5,  6,  7,  0,  2],\n",
       "      dtype=int64)"
      ]
     },
     "execution_count": 193,
     "metadata": {},
     "output_type": "execute_result"
    }
   ],
   "source": [
    "dropoff_angle_ordering_list = get_dropoff_angle_ordering(data_dict)\n",
    "dropoff_angle_ordering_list"
   ]
  },
  {
   "cell_type": "code",
   "execution_count": 196,
   "metadata": {},
   "outputs": [
    {
     "data": {
      "text/plain": [
       "array([ 7,  0,  2,  1, 10,  8,  9,  4, 14, 11,  3, 12, 13,  5,  6],\n",
       "      dtype=int64)"
      ]
     },
     "execution_count": 196,
     "metadata": {},
     "output_type": "execute_result"
    }
   ],
   "source": [
    "dropoff_angle_ordering_list = get_dropoff_angle_ordering(data_dict, start_at_highest_demand=False)\n",
    "dropoff_angle_ordering_list"
   ]
  },
  {
   "cell_type": "code",
   "execution_count": 206,
   "metadata": {},
   "outputs": [],
   "source": [
    "def get_vehicle_route_clusters(data_dict, dropoff_angle_ordering_list, lookahead_dropoffs_to_consider=1):\n",
    "    \n",
    "    \"\"\"\n",
    "    Get clusters of dropoffs for the vehicle routes. Use the ordering of points as \n",
    "    given in the dropoff_angle_ordering_list, creating a new cluster when the \n",
    "    capacity for that vehicle runs out. If lookahead_dropoffs_to_consider is greater \n",
    "    than 1, then the algorithm can choose to take the next point from the set of\n",
    "    lookahead_dropoffs_to_consider next points that doesn't violate any capacity \n",
    "    constraints.\n",
    "    \"\"\"\n",
    "    \n",
    "    num_dropoffs = data_dict['num_dropoffs']\n",
    "    num_vehicles = data_dict['num_vehicles']\n",
    "    vehicle_capacity = data_dict['vehicle_capacity']\n",
    "    dropoffs_demand_array = data_dict['dropoffs_demand_array']\n",
    "    \n",
    "    vehicle_route_cluster_dict = {}\n",
    "    dropoff_angle_ordering_list_copy = dropoff_angle_ordering_list.copy()\n",
    "    \n",
    "    for vehicle in range(num_vehicles):\n",
    "        #print(vehicle)\n",
    "        #print(vehicle_route_cluster_dict)\n",
    "        dropoff_counter = 0\n",
    "        capacity_remaining = vehicle_capacity\n",
    "        vehicle_route_cluster_dict[vehicle] = []\n",
    "        continue_while = True\n",
    "        while continue_while and len(dropoff_angle_ordering_list_copy) > 0:\n",
    "            for lookahead in range(lookahead_dropoffs_to_consider):\n",
    "                dropoff_index = dropoff_angle_ordering_list_copy[min(dropoff_counter + lookahead, \n",
    "                                                                     len(dropoff_angle_ordering_list_copy)-1)]\n",
    "                dropoff_demand = dropoffs_demand_array[dropoff_index]\n",
    "                if capacity_remaining - dropoff_demand >= 0:\n",
    "                    vehicle_route_cluster_dict[vehicle].append(dropoff_index)\n",
    "                    capacity_remaining -= dropoff_demand\n",
    "                    dropoff_counter += 1\n",
    "                    break\n",
    "                if lookahead == lookahead_dropoffs_to_consider - 1:\n",
    "                    continue_while = False\n",
    "        dropoff_angle_ordering_list_copy = [i for i in dropoff_angle_ordering_list_copy \n",
    "                                            if i not in vehicle_route_cluster_dict[vehicle]]\n",
    "        #print(capacity_remaining)\n",
    "                \n",
    "    return vehicle_route_cluster_dict"
   ]
  },
  {
   "cell_type": "code",
   "execution_count": 216,
   "metadata": {},
   "outputs": [
    {
     "data": {
      "text/plain": [
       "{0: [7, 0, 2, 1], 1: [10, 8, 9, 4, 14], 2: [11, 3, 12, 13]}"
      ]
     },
     "execution_count": 216,
     "metadata": {},
     "output_type": "execute_result"
    }
   ],
   "source": [
    "get_vehicle_route_clusters(data_dict, dropoff_angle_ordering_list)"
   ]
  },
  {
   "cell_type": "code",
   "execution_count": 207,
   "metadata": {},
   "outputs": [
    {
     "data": {
      "text/plain": [
       "{0: [7, 0, 2, 1, 8], 1: [10, 9, 4, 14, 11], 2: [3, 12, 13, 5, 6]}"
      ]
     },
     "execution_count": 207,
     "metadata": {},
     "output_type": "execute_result"
    }
   ],
   "source": [
    "get_vehicle_route_clusters(data_dict, dropoff_angle_ordering_list, lookahead_dropoffs_to_consider=2)"
   ]
  },
  {
   "cell_type": "code",
   "execution_count": 210,
   "metadata": {},
   "outputs": [],
   "source": [
    "def are_vehicle_clusters_valid(data_dict, vehicle_route_cluster_dict):\n",
    "    \n",
    "    \"\"\"\n",
    "    Check if all the clusters are valid - all all dropoffs are covered while\n",
    "    respecting the capacity constraints.\n",
    "    \"\"\"\n",
    "    \n",
    "    num_dropoffs = data_dict['num_dropoffs']\n",
    "    num_vehicles = data_dict['num_vehicles']\n",
    "    vehicle_capacity = data_dict['vehicle_capacity']\n",
    "    dropoffs_demand_array = data_dict['dropoffs_demand_array']\n",
    "    \n",
    "    num_dropoffs_assigned = 0\n",
    "    for vehicle, dropoffs_list in vehicle_route_cluster_dict.items():\n",
    "        num_dropoffs_assigned += len(dropoffs_list)\n",
    "        if dropoffs_demand_array[dropoffs_list].sum() > vehicle_capacity:\n",
    "            return False\n",
    "        \n",
    "    if num_dropoffs_assigned != num_dropoffs:\n",
    "        return False\n",
    "    \n",
    "    return True\n",
    "    \n",
    "    "
   ]
  },
  {
   "cell_type": "code",
   "execution_count": 211,
   "metadata": {},
   "outputs": [
    {
     "data": {
      "text/plain": [
       "False"
      ]
     },
     "execution_count": 211,
     "metadata": {},
     "output_type": "execute_result"
    }
   ],
   "source": [
    "are_vehicle_clusters_valid(data_dict, get_vehicle_route_clusters(data_dict, dropoff_angle_ordering_list))"
   ]
  },
  {
   "cell_type": "code",
   "execution_count": null,
   "metadata": {},
   "outputs": [],
   "source": [
    "start_at_highest_demand"
   ]
  },
  {
   "cell_type": "code",
   "execution_count": 212,
   "metadata": {},
   "outputs": [
    {
     "data": {
      "text/plain": [
       "True"
      ]
     },
     "execution_count": 212,
     "metadata": {},
     "output_type": "execute_result"
    }
   ],
   "source": [
    "are_vehicle_clusters_valid(data_dict, get_vehicle_route_clusters(data_dict, dropoff_angle_ordering_list,\n",
    "                                                                 lookahead_dropoffs_to_consider=2))"
   ]
  },
  {
   "cell_type": "code",
   "execution_count": 253,
   "metadata": {},
   "outputs": [
    {
     "data": {
      "text/plain": [
       "array([1, 2, 3, 4, 5, 6, 7, 8, 9, 0])"
      ]
     },
     "execution_count": 253,
     "metadata": {},
     "output_type": "execute_result"
    }
   ],
   "source": [
    "a = np.arange(10)\n",
    "idx = 1\n",
    "np.concatenate((a[idx:],a[:idx]))"
   ]
  },
  {
   "cell_type": "code",
   "execution_count": 246,
   "metadata": {},
   "outputs": [
    {
     "data": {
      "text/plain": [
       "array([1, 2, 3, 4, 5, 6, 7, 8, 9])"
      ]
     },
     "execution_count": 246,
     "metadata": {},
     "output_type": "execute_result"
    }
   ],
   "source": [
    "a[idx:]"
   ]
  },
  {
   "cell_type": "code",
   "execution_count": 245,
   "metadata": {},
   "outputs": [
    {
     "data": {
      "text/plain": [
       "array([0])"
      ]
     },
     "execution_count": 245,
     "metadata": {},
     "output_type": "execute_result"
    }
   ],
   "source": [
    "a[:idx]"
   ]
  },
  {
   "cell_type": "code",
   "execution_count": null,
   "metadata": {},
   "outputs": [],
   "source": []
  },
  {
   "cell_type": "code",
   "execution_count": 254,
   "metadata": {},
   "outputs": [],
   "source": [
    "def get_valid_vehicle_route_clusters(data_dict):\n",
    "    \n",
    "    \"\"\"\n",
    "    Search for valid clusters by increasing the number of dropoffs to lookahead by until\n",
    "    we find a valud clustering.\n",
    "    \"\"\"\n",
    "    \n",
    "    num_dropoffs = data_dict['num_dropoffs']\n",
    "    \n",
    "    dropoff_angle_ordering_list = get_dropoff_angle_ordering(data_dict, start_at_highest_demand=True)\n",
    "    \n",
    "    is_valid = False\n",
    "    lookaheads = 1\n",
    "    while not is_valid and lookaheads < num_dropoffs:\n",
    "        for idx in range(len(dropoff_angle_ordering_list)):\n",
    "            dropoff_angle_ordering_list_temp = np.concatenate((dropoff_angle_ordering_list[idx:], \n",
    "                                                               dropoff_angle_ordering_list[:idx]))\n",
    "            vehicle_route_cluster_dict = get_vehicle_route_clusters(data_dict, dropoff_angle_ordering_list_temp,\n",
    "                                                                    lookahead_dropoffs_to_consider=lookaheads)\n",
    "            is_valid = are_vehicle_clusters_valid(data_dict, vehicle_route_cluster_dict)\n",
    "            if is_valid:\n",
    "                break\n",
    "        lookaheads += 1\n",
    "        \n",
    "    if is_valid:\n",
    "        return vehicle_route_cluster_dict\n",
    "    else:\n",
    "        warnings.warn('Cannot find a valid clustering')\n",
    "        return None"
   ]
  },
  {
   "cell_type": "code",
   "execution_count": 222,
   "metadata": {},
   "outputs": [
    {
     "data": {
      "text/plain": [
       "array([ 84, 182,  92,  95, 103,  98,  15,  85, 155,   5,  60, 112, 146,\n",
       "       172,   4,  83,  16, 117,  59,  88, 165,  82,  44, 124, 198, 173,\n",
       "       113,   7,  17,  45,  81, 123, 152,  35,  47,  46, 167, 105, 193,\n",
       "       142,   6,  51,  48, 122,  18, 145, 181, 106, 174,  87, 147,  10,\n",
       "        61,  63, 126, 158, 189, 125,  62,  30, 166,   9, 188, 107,  89,\n",
       "       180, 161,  31,  26, 130,  69, 100, 159,  68,  29, 127, 131, 121,\n",
       "        19,  65, 187,   0, 175, 102,  50,  64, 160,  70,   8, 135,  34,\n",
       "       119, 134, 156, 101,  49,  80,  32, 110, 163, 184,  33,  77,  78,\n",
       "       128, 157,  75,   2, 168,  76, 195, 115, 183,  27, 120,  28,  67,\n",
       "       149,  79,  23, 153, 162,  11, 137, 176, 133, 108,  53, 194, 129,\n",
       "       164,  54,  25,  24, 178, 148, 169,   3, 154, 186, 138, 109,  38,\n",
       "        66, 104, 197, 179,  55, 185, 196,  22,  20,  71,  74,  73,  39,\n",
       "        72,  52, 132, 170,  21,  40, 144,  57, 151, 114, 177,   1,  56,\n",
       "        14, 136, 143,  42, 171,  86,  41,  12, 141, 116,  96,  13,  94,\n",
       "       191, 150,  99,  91,  37,  36, 118, 139,  93,  43,  97, 192,  90,\n",
       "        58, 190, 111, 140], dtype=int64)"
      ]
     },
     "execution_count": 222,
     "metadata": {},
     "output_type": "execute_result"
    }
   ],
   "source": [
    "dropoff_angle_ordering_list = get_dropoff_angle_ordering(data_dict)\n",
    "dropoff_angle_ordering_list"
   ]
  },
  {
   "cell_type": "code",
   "execution_count": 223,
   "metadata": {},
   "outputs": [
    {
     "data": {
      "text/plain": [
       "{0: [84, 182, 92, 95, 103, 98, 15, 85, 155, 5],\n",
       " 1: [60, 112, 146, 172, 4, 83, 16, 117, 59, 88, 165, 82],\n",
       " 2: [44, 124, 198, 173, 113, 7, 17, 45, 81, 123, 152, 35, 47],\n",
       " 3: [46, 167, 105, 193, 142, 6, 51, 48, 122, 18, 145, 181],\n",
       " 4: [106, 174, 87, 147, 10, 61, 63, 126, 158, 189, 125, 62],\n",
       " 5: [30, 166, 9, 188, 107, 89, 180, 161, 31, 26, 130],\n",
       " 6: [69, 100, 159, 68, 29, 127, 131, 121, 19, 65, 187, 0, 175, 50],\n",
       " 7: [102, 64, 160, 70, 8, 135, 34, 119, 134, 156, 49],\n",
       " 8: [101, 80, 32, 110, 163, 184, 33, 77, 78, 128, 157],\n",
       " 9: [75, 2, 168, 76, 195, 115, 183, 27, 120, 28, 67, 149, 23],\n",
       " 10: [79, 153, 162, 11, 137, 176, 133, 108, 53, 194, 129, 54, 54],\n",
       " 11: [164, 25, 24, 178, 148, 169, 3, 154, 186, 138, 109, 38],\n",
       " 12: [66, 104, 197, 179, 55, 185, 196, 22, 20, 71, 73],\n",
       " 13: [74, 39, 72, 52, 132, 170, 21, 40, 144, 57, 151, 114, 1],\n",
       " 14: [177, 56, 14, 136, 143, 42, 171, 86, 41, 12, 141, 116, 96, 13],\n",
       " 15: [94, 191, 150, 99, 91, 37, 36, 118, 139, 93, 43, 97, 192, 90, 190]}"
      ]
     },
     "execution_count": 223,
     "metadata": {},
     "output_type": "execute_result"
    }
   ],
   "source": [
    "get_vehicle_route_clusters(data_dict, dropoff_angle_ordering_list, lookahead_dropoffs_to_consider=2)"
   ]
  },
  {
   "cell_type": "code",
   "execution_count": 226,
   "metadata": {},
   "outputs": [
    {
     "data": {
      "text/plain": [
       "False"
      ]
     },
     "execution_count": 226,
     "metadata": {},
